C:\Users\33783\OneDrive\Documents\Cours\Image\ProjetIMG\data\motos\000.jpg;1736.3333333333333 583.0 483.6666666666667;1669.0 578.3333333333334 490.3333333333333;1612.0 546.6666666666666 476.3333333333333
C:\Users\33783\OneDrive\Documents\Cours\Image\ProjetIMG\data\motos\001.jpg;974.0 362.0 346.6666666666667;1279.6666666666667 474.0 450.3333333333333;897.0 341.0 330.3333333333333
C:\Users\33783\OneDrive\Documents\Cours\Image\ProjetIMG\data\motos\002.jpg;1053.6666666666667 447.0 390.3333333333333;1154.3333333333333 484.3333333333333 416.3333333333333;1311.6666666666667 541.3333333333334 521.3333333333334
C:\Users\33783\OneDrive\Documents\Cours\Image\ProjetIMG\data\motos\003.jpg;881.0 465.6666666666667 408.6666666666667;849.6666666666666 480.3333333333333 410.6666666666667;889.0 472.3333333333333 423.6666666666667
C:\Users\33783\OneDrive\Documents\Cours\Image\ProjetIMG\data\motos\004.jpg;1023.3333333333334 427.3333333333333 292.3333333333333;1024.6666666666667 435.0 294.0;916.6666666666666 421.6666666666667 319.3333333333333
C:\Users\33783\OneDrive\Documents\Cours\Image\ProjetIMG\data\motos\005.jpg;1517.6666666666667 842.3333333333334 503.0;1496.0 850.3333333333334 505.3333333333333;1511.6666666666667 860.0 525.0
C:\Users\33783\OneDrive\Documents\Cours\Image\ProjetIMG\data\motos\006.jpg;1344.6666666666667 518.3333333333334 418.3333333333333;1312.6666666666667 504.3333333333333 421.0;1271.3333333333333 488.3333333333333 428.0
C:\Users\33783\OneDrive\Documents\Cours\Image\ProjetIMG\data\motos\007.jpg;536.0 240.33333333333334 176.33333333333334;571.3333333333334 265.3333333333333 194.33333333333334;578.0 238.0 177.33333333333334
C:\Users\33783\OneDrive\Documents\Cours\Image\ProjetIMG\data\motos\008.jpg;842.0 275.6666666666667 274.0;1146.6666666666667 382.6666666666667 371.6666666666667;1243.3333333333333 382.3333333333333 403.6666666666667
C:\Users\33783\OneDrive\Documents\Cours\Image\ProjetIMG\data\motos\009.jpg;590.3333333333334 256.3333333333333 306.3333333333333;666.6666666666666 295.6666666666667 326.0;864.0 296.0 346.0
C:\Users\33783\OneDrive\Documents\Cours\Image\ProjetIMG\data\motos\010.jpg;370.6666666666667 158.33333333333334 167.0;431.3333333333333 179.0 183.66666666666666;386.6666666666667 153.33333333333334 163.66666666666666
C:\Users\33783\OneDrive\Documents\Cours\Image\ProjetIMG\data\motos\011.jpg;959.6666666666666 349.3333333333333 323.0;942.0 372.6666666666667 336.6666666666667;925.0 351.0 343.0
C:\Users\33783\OneDrive\Documents\Cours\Image\ProjetIMG\data\motos\012.jpg;1341.6666666666667 545.6666666666666 471.6666666666667;1350.0 550.3333333333334 481.0;1351.6666666666667 554.6666666666666 479.3333333333333
C:\Users\33783\OneDrive\Documents\Cours\Image\ProjetIMG\data\motos\013.jpg;879.3333333333334 396.6666666666667 417.3333333333333;855.6666666666666 407.6666666666667 412.3333333333333;904.3333333333334 424.6666666666667 436.6666666666667
C:\Users\33783\OneDrive\Documents\Cours\Image\ProjetIMG\data\motos\014.jpg;2271.0 971.3333333333334 728.3333333333334;2286.3333333333335 977.0 725.0;2230.6666666666665 983.3333333333334 756.6666666666666
C:\Users\33783\OneDrive\Documents\Cours\Image\ProjetIMG\data\motos\015.jpg;1292.0 506.3333333333333 408.6666666666667;1343.0 559.3333333333334 459.3333333333333;1424.6666666666667 522.0 454.6666666666667
C:\Users\33783\OneDrive\Documents\Cours\Image\ProjetIMG\data\motos\016.jpg;1087.6666666666667 467.6666666666667 402.3333333333333;1077.3333333333333 504.3333333333333 428.3333333333333;1111.6666666666667 485.0 434.3333333333333
C:\Users\33783\OneDrive\Documents\Cours\Image\ProjetIMG\data\motos\017.jpg;1230.6666666666667 593.3333333333334 483.6666666666667;1223.0 610.3333333333334 488.3333333333333;1225.6666666666667 610.6666666666666 489.0
C:\Users\33783\OneDrive\Documents\Cours\Image\ProjetIMG\data\motos\018.jpg;1543.3333333333333 688.6666666666666 557.0;1621.3333333333333 712.6666666666666 579.6666666666666;1778.0 747.6666666666666 616.3333333333334
C:\Users\33783\OneDrive\Documents\Cours\Image\ProjetIMG\data\motos\019.jpg;1470.6666666666667 728.0 553.6666666666666;1433.0 745.6666666666666 567.3333333333334;1585.6666666666667 702.6666666666666 592.0
C:\Users\33783\OneDrive\Documents\Cours\Image\ProjetIMG\data\motos\020.jpg;331.6666666666667 146.33333333333334 179.33333333333334;472.6666666666667 203.33333333333334 261.0;346.3333333333333 142.0 192.33333333333334
C:\Users\33783\OneDrive\Documents\Cours\Image\ProjetIMG\data\motos\021.jpg;1635.0 611.6666666666666 508.0;1636.6666666666667 626.0 508.3333333333333;1646.0 610.6666666666666 507.3333333333333
C:\Users\33783\OneDrive\Documents\Cours\Image\ProjetIMG\data\motos\022.jpg;1487.3333333333333 659.3333333333334 506.0;1495.3333333333333 695.0 517.6666666666666;1586.6666666666667 650.0 507.3333333333333
C:\Users\33783\OneDrive\Documents\Cours\Image\ProjetIMG\data\motos\023.jpg;1031.3333333333333 467.6666666666667 418.3333333333333;1123.6666666666667 502.3333333333333 446.3333333333333;1261.3333333333333 518.3333333333334 482.6666666666667
C:\Users\33783\OneDrive\Documents\Cours\Image\ProjetIMG\data\motos\024.jpg;1824.6666666666667 699.0 575.0;1442.6666666666667 651.3333333333334 507.0;1424.0 408.6666666666667 415.0
C:\Users\33783\OneDrive\Documents\Cours\Image\ProjetIMG\data\motos\025.jpg;1404.3333333333333 576.3333333333334 443.0;629.3333333333334 178.66666666666666 169.33333333333334;307.3333333333333 232.33333333333334 250.0
C:\Users\33783\OneDrive\Documents\Cours\Image\ProjetIMG\data\motos\026.jpg;1226.6666666666667 614.0 433.3333333333333;768.3333333333334 239.33333333333334 221.33333333333334;854.6666666666666 210.33333333333334 217.66666666666666
C:\Users\33783\OneDrive\Documents\Cours\Image\ProjetIMG\data\motos\027.jpg;3943.3333333333335 1807.6666666666667 1470.0;3047.3333333333335 1328.6666666666667 985.6666666666666;1894.3333333333333 952.6666666666666 832.3333333333334
C:\Users\33783\OneDrive\Documents\Cours\Image\ProjetIMG\data\motos\028.jpg;932.3333333333334 688.3333333333334 579.3333333333334;1729.6666666666667 515.6666666666666 514.6666666666666;1410.3333333333333 499.0 515.3333333333334
C:\Users\33783\OneDrive\Documents\Cours\Image\ProjetIMG\data\motos\029.jpg;3153.0 1776.3333333333333 1314.0;3101.3333333333335 1047.6666666666667 913.3333333333334;2073.3333333333335 923.0 858.6666666666666
C:\Users\33783\OneDrive\Documents\Cours\Image\ProjetIMG\data\motos\030.jpg;954.3333333333334 568.0 429.0;1532.6666666666667 443.0 414.3333333333333;1067.6666666666667 400.0 420.0
C:\Users\33783\OneDrive\Documents\Cours\Image\ProjetIMG\data\motos\031.jpg;646.3333333333334 636.3333333333334 387.3333333333333;1114.3333333333333 277.3333333333333 257.0;1088.6666666666667 279.3333333333333 281.0
C:\Users\33783\OneDrive\Documents\Cours\Image\ProjetIMG\data\motos\032.jpg;1564.3333333333333 749.6666666666666 734.3333333333334;1608.6666666666667 1080.6666666666667 793.6666666666666;1490.0 826.0 851.0
C:\Users\33783\OneDrive\Documents\Cours\Image\ProjetIMG\data\motos\033.jpg;168.33333333333334 130.0 237.66666666666666;1798.3333333333333 459.3333333333333 450.3333333333333;1425.3333333333333 532.0 586.0
C:\Users\33783\OneDrive\Documents\Cours\Image\ProjetIMG\data\motos\034.jpg;466.0 175.0 247.33333333333334;460.0 120.0 109.66666666666667;383.6666666666667 100.0 106.0
C:\Users\33783\OneDrive\Documents\Cours\Image\ProjetIMG\data\motos\035.jpg;1522.3333333333333 599.0 474.0;899.0 411.6666666666667 348.0;1004.0 281.3333333333333 282.3333333333333
C:\Users\33783\OneDrive\Documents\Cours\Image\ProjetIMG\data\motos\036.jpg;1086.3333333333333 276.6666666666667 295.0;226.33333333333334 212.33333333333334 141.33333333333334;303.0 79.0 87.0
C:\Users\33783\OneDrive\Documents\Cours\Image\ProjetIMG\data\motos\037.jpg;1755.3333333333333 499.0 468.0;869.0 412.0 297.0;570.3333333333334 316.3333333333333 342.3333333333333
C:\Users\33783\OneDrive\Documents\Cours\Image\ProjetIMG\data\motos\038.jpg;1414.3333333333333 423.6666666666667 376.0;1184.3333333333333 518.0 366.6666666666667;817.0 399.3333333333333 437.3333333333333
C:\Users\33783\OneDrive\Documents\Cours\Image\ProjetIMG\data\motos\039.jpg;1532.6666666666667 499.6666666666667 391.3333333333333;1364.0 817.6666666666666 593.3333333333334;1509.3333333333333 495.6666666666667 462.0
C:\Users\33783\OneDrive\Documents\Cours\Image\ProjetIMG\data\motos\040.jpg;482.6666666666667 258.6666666666667 212.33333333333334;626.3333333333334 223.0 182.66666666666666;640.0 192.0 202.0
C:\Users\33783\OneDrive\Documents\Cours\Image\ProjetIMG\data\motos\041.jpg;133.0 109.0 71.33333333333333;327.3333333333333 94.0 95.66666666666667;461.6666666666667 102.33333333333333 107.66666666666667
C:\Users\33783\OneDrive\Documents\Cours\Image\ProjetIMG\data\motos\042.jpg;1881.3333333333333 591.0 568.0;1554.3333333333333 1046.3333333333333 651.3333333333334;1592.6666666666667 634.0 667.6666666666666
C:\Users\33783\OneDrive\Documents\Cours\Image\ProjetIMG\data\motos\043.jpg;196.66666666666666 191.0 487.6666666666667;1237.3333333333333 318.0 299.3333333333333;1346.6666666666667 337.6666666666667 333.3333333333333
C:\Users\33783\OneDrive\Documents\Cours\Image\ProjetIMG\data\motos\044.jpg;1261.3333333333333 945.6666666666666 690.0;1874.0 634.0 611.6666666666666;2137.3333333333335 613.6666666666666 663.6666666666666
C:\Users\33783\OneDrive\Documents\Cours\Image\ProjetIMG\data\motos\045.jpg;731.6666666666666 598.0 257.0;924.6666666666666 255.0 238.0;974.6666666666666 262.6666666666667 266.0
C:\Users\33783\OneDrive\Documents\Cours\Image\ProjetIMG\data\motos\046.jpg;1040.6666666666667 379.3333333333333 282.0;1046.6666666666667 351.6666666666667 279.0;994.0 304.6666666666667 316.0
C:\Users\33783\OneDrive\Documents\Cours\Image\ProjetIMG\data\motos\047.jpg;816.0 298.6666666666667 289.0;536.3333333333334 184.66666666666666 147.66666666666666;539.3333333333334 120.0 120.33333333333333
C:\Users\33783\OneDrive\Documents\Cours\Image\ProjetIMG\data\motos\048.jpg;803.0 330.6666666666667 321.3333333333333;533.6666666666666 139.0 134.0;424.0 114.66666666666667 120.0
C:\Users\33783\OneDrive\Documents\Cours\Image\ProjetIMG\data\motos\049.jpg;898.0 505.0 314.0;719.3333333333334 186.66666666666666 171.66666666666666;674.6666666666666 198.33333333333334 211.33333333333334
C:\Users\33783\OneDrive\Documents\Cours\Image\ProjetIMG\data\motos\050.jpg;469.3333333333333 160.0 179.66666666666666;275.3333333333333 71.66666666666667 76.33333333333333;237.66666666666666 61.333333333333336 61.0
C:\Users\33783\OneDrive\Documents\Cours\Image\ProjetIMG\data\motos\051.jpg;565.6666666666666 134.0 135.33333333333334;114.66666666666667 66.0 43.666666666666664;96.66666666666667 32.0 33.666666666666664
C:\Users\33783\OneDrive\Documents\Cours\Image\ProjetIMG\data\motos\052.jpg;736.0 223.33333333333334 194.66666666666666;214.66666666666666 142.33333333333334 110.33333333333333;301.6666666666667 68.0 74.66666666666667
C:\Users\33783\OneDrive\Documents\Cours\Image\ProjetIMG\data\motos\053.jpg;1122.0 434.6666666666667 358.0;814.6666666666666 272.6666666666667 244.33333333333334;573.0 195.33333333333334 208.0
C:\Users\33783\OneDrive\Documents\Cours\Image\ProjetIMG\data\motos\054.jpg;611.3333333333334 238.0 227.33333333333334;249.66666666666666 116.0 91.33333333333333;286.6666666666667 74.66666666666667 83.33333333333333
C:\Users\33783\OneDrive\Documents\Cours\Image\ProjetIMG\data\motos\055.jpg;1277.3333333333333 439.0 448.0;657.0 203.0 201.66666666666666;641.0 156.66666666666666 170.0
C:\Users\33783\OneDrive\Documents\Cours\Image\ProjetIMG\data\motos\056.jpg;147.33333333333334 86.66666666666667 105.66666666666667;1441.6666666666667 340.0 360.0;337.6666666666667 198.0 247.33333333333334
C:\Users\33783\OneDrive\Documents\Cours\Image\ProjetIMG\data\motos\057.jpg;980.6666666666666 417.3333333333333 443.0;827.6666666666666 626.3333333333334 510.3333333333333;1152.6666666666667 417.0 441.0
C:\Users\33783\OneDrive\Documents\Cours\Image\ProjetIMG\data\motos\058.jpg;1238.0 369.3333333333333 328.0;1156.0 720.6666666666666 511.6666666666667;710.6666666666666 440.3333333333333 450.6666666666667
C:\Users\33783\OneDrive\Documents\Cours\Image\ProjetIMG\data\motos\059.jpg;1193.3333333333333 582.6666666666666 480.0;1179.0 600.3333333333334 489.0;1188.0 601.0 487.3333333333333
C:\Users\33783\OneDrive\Documents\Cours\Image\ProjetIMG\data\motos\060.jpg;597.3333333333334 246.66666666666666 286.3333333333333;512.6666666666666 246.0 259.3333333333333;90.0 154.0 180.33333333333334
C:\Users\33783\OneDrive\Documents\Cours\Image\ProjetIMG\data\motos\061.jpg;1239.3333333333333 424.6666666666667 433.0;640.6666666666666 203.0 201.0;628.0 154.66666666666666 167.33333333333334
C:\Users\33783\OneDrive\Documents\Cours\Image\ProjetIMG\data\motos\062.jpg;32.0 28.333333333333332 36.333333333333336;290.6666666666667 185.66666666666666 234.33333333333334;112.66666666666667 61.333333333333336 75.0
C:\Users\33783\OneDrive\Documents\Cours\Image\ProjetIMG\data\motos\063.jpg;842.0 338.3333333333333 354.0;742.3333333333334 331.0 348.0;144.66666666666666 306.3333333333333 351.6666666666667
C:\Users\33783\OneDrive\Documents\Cours\Image\ProjetIMG\data\motos\064.jpg;1391.6666666666667 692.6666666666666 486.0;1253.6666666666667 623.6666666666666 391.6666666666667;1090.3333333333333 501.0 361.0
C:\Users\33783\OneDrive\Documents\Cours\Image\ProjetIMG\data\motos\065.jpg;4.0 4.0 11.666666666666666;690.3333333333334 431.0 411.0;2633.0 943.3333333333334 922.0
C:\Users\33783\OneDrive\Documents\Cours\Image\ProjetIMG\data\motos\066.jpg;27.0 18.0 38.333333333333336;1006.0 414.3333333333333 447.6666666666667;4116.666666666667 1032.0 1102.6666666666667
C:\Users\33783\OneDrive\Documents\Cours\Image\ProjetIMG\data\motos\067.jpg;678.3333333333334 294.3333333333333 346.6666666666667;1258.3333333333333 681.3333333333334 616.0;4020.0 793.3333333333334 792.6666666666666
C:\Users\33783\OneDrive\Documents\Cours\Image\ProjetIMG\data\motos\068.jpg;61.0 24.333333333333332 28.0;1683.3333333333333 543.6666666666666 551.6666666666666;5738.0 1184.0 1178.6666666666667
C:\Users\33783\OneDrive\Documents\Cours\Image\ProjetIMG\data\motos\069.jpg;15.333333333333334 4.666666666666667 7.666666666666667;361.6666666666667 124.66666666666667 127.33333333333333;193.66666666666666 46.0 55.666666666666664
C:\Users\33783\OneDrive\Documents\Cours\Image\ProjetIMG\data\motos\070.jpg;438.6666666666667 224.0 272.6666666666667;883.0 265.0 265.0;1165.6666666666667 263.3333333333333 265.3333333333333
C:\Users\33783\OneDrive\Documents\Cours\Image\ProjetIMG\data\motos\071.jpg;4101.0 3715.0 700.3333333333334;4451.333333333333 888.0 575.3333333333334;244.33333333333334 52.666666666666664 56.666666666666664
C:\Users\33783\OneDrive\Documents\Cours\Image\ProjetIMG\data\motos\072.jpg;212.66666666666666 79.0 92.33333333333333;212.66666666666666 79.0 92.33333333333333;212.66666666666666 79.0 92.33333333333333
C:\Users\33783\OneDrive\Documents\Cours\Image\ProjetIMG\data\motos\073.jpg;48.333333333333336 22.0 24.0;34.333333333333336 25.666666666666668 28.333333333333332;1174.3333333333333 236.66666666666666 254.0
C:\Users\33783\OneDrive\Documents\Cours\Image\ProjetIMG\data\motos\074.jpg;1326.3333333333333 396.6666666666667 409.6666666666667;60.333333333333336 57.333333333333336 80.66666666666667;3639.3333333333335 756.6666666666666 779.3333333333334
C:\Users\33783\OneDrive\Documents\Cours\Image\ProjetIMG\data\motos\075.jpg;1360.6666666666667 583.3333333333334 602.6666666666666;2144.3333333333335 1083.3333333333333 971.3333333333334;5175.0 982.0 1034.3333333333333
C:\Users\33783\OneDrive\Documents\Cours\Image\ProjetIMG\data\motos\076.jpg;1190.3333333333333 548.6666666666666 625.3333333333334;273.3333333333333 467.0 534.0;2016.0 779.0 746.3333333333334
C:\Users\33783\OneDrive\Documents\Cours\Image\ProjetIMG\data\motos\077.jpg;273.0 110.0 135.33333333333334;0.0 5.0 20.0;1838.3333333333333 519.3333333333334 619.0
C:\Users\33783\OneDrive\Documents\Cours\Image\ProjetIMG\data\motos\078.jpg;607.6666666666666 209.33333333333334 225.0;91.33333333333333 73.66666666666667 106.33333333333333;3194.6666666666665 718.0 755.0
C:\Users\33783\OneDrive\Documents\Cours\Image\ProjetIMG\data\motos\079.jpg;478.0 158.0 188.0;2.6666666666666665 6.666666666666667 11.666666666666666;1226.6666666666667 368.6666666666667 397.0
C:\Users\33783\OneDrive\Documents\Cours\Image\ProjetIMG\data\motos\080.jpg;1029.3333333333333 467.6666666666667 504.0;591.6666666666666 560.3333333333334 643.6666666666666;3968.3333333333335 1668.3333333333333 1611.6666666666667
C:\Users\33783\OneDrive\Documents\Cours\Image\ProjetIMG\data\motos\081.jpg;326.6666666666667 230.0 200.0;401.6666666666667 187.33333333333334 217.66666666666666;367.0 197.33333333333334 232.66666666666666
C:\Users\33783\OneDrive\Documents\Cours\Image\ProjetIMG\data\motos\082.jpg;47.0 22.666666666666668 19.0;844.6666666666666 484.3333333333333 521.6666666666666;70.33333333333333 33.0 44.333333333333336
C:\Users\33783\OneDrive\Documents\Cours\Image\ProjetIMG\data\motos\083.jpg;155.0 112.0 121.33333333333333;720.3333333333334 320.6666666666667 368.6666666666667;336.3333333333333 194.66666666666666 240.66666666666666
C:\Users\33783\OneDrive\Documents\Cours\Image\ProjetIMG\data\motos\084.jpg;111.66666666666667 103.0 79.33333333333333;483.0 229.33333333333334 274.0;326.6666666666667 136.33333333333334 161.33333333333334
C:\Users\33783\OneDrive\Documents\Cours\Image\ProjetIMG\data\motos\085.jpg;107.66666666666667 99.66666666666667 80.0;182.33333333333334 93.0 113.0;143.66666666666666 78.66666666666667 95.66666666666667
C:\Users\33783\OneDrive\Documents\Cours\Image\ProjetIMG\data\motos\086.jpg;251.0 133.0 156.66666666666666;287.0 129.0 158.66666666666666;264.6666666666667 138.66666666666666 170.33333333333334
C:\Users\33783\OneDrive\Documents\Cours\Image\ProjetIMG\data\motos\087.jpg;399.0 202.66666666666666 211.33333333333334;382.3333333333333 183.33333333333334 201.33333333333334;324.6666666666667 146.66666666666666 175.66666666666666
C:\Users\33783\OneDrive\Documents\Cours\Image\ProjetIMG\data\motos\088.jpg;167.0 84.33333333333333 91.33333333333333;349.3333333333333 140.33333333333334 171.33333333333334;345.3333333333333 133.33333333333334 155.0
C:\Users\33783\OneDrive\Documents\Cours\Image\ProjetIMG\data\motos\089.jpg;95.33333333333333 65.33333333333333 74.66666666666667;203.66666666666666 83.33333333333333 101.0;224.0 89.33333333333333 95.33333333333333
C:\Users\33783\OneDrive\Documents\Cours\Image\ProjetIMG\data\motos\090.jpg;80.33333333333333 52.666666666666664 54.0;138.33333333333334 58.0 72.33333333333333;151.0 53.333333333333336 67.33333333333333
C:\Users\33783\OneDrive\Documents\Cours\Image\ProjetIMG\data\motos\091.jpg;104.33333333333333 66.66666666666667 78.66666666666667;167.33333333333334 83.33333333333333 99.0;371.6666666666667 124.33333333333333 143.33333333333334
C:\Users\33783\OneDrive\Documents\Cours\Image\ProjetIMG\data\motos\092.jpg;158.66666666666666 117.0 130.33333333333334;305.3333333333333 136.0 140.66666666666666;340.3333333333333 137.0 155.66666666666666
C:\Users\33783\OneDrive\Documents\Cours\Image\ProjetIMG\data\motos\093.jpg;101.0 77.0 66.66666666666667;212.66666666666666 103.0 109.0;218.0 76.33333333333333 95.33333333333333
C:\Users\33783\OneDrive\Documents\Cours\Image\ProjetIMG\data\motos\094.jpg;128.33333333333334 104.33333333333333 90.0;198.0 88.66666666666667 98.33333333333333;178.66666666666666 76.33333333333333 98.33333333333333
C:\Users\33783\OneDrive\Documents\Cours\Image\ProjetIMG\data\motos\095.jpg;59.0 59.666666666666664 57.333333333333336;185.66666666666666 78.66666666666667 84.33333333333333;852.6666666666666 275.6666666666667 294.6666666666667
C:\Users\33783\OneDrive\Documents\Cours\Image\ProjetIMG\data\motos\096.jpg;79.66666666666667 56.333333333333336 43.333333333333336;144.33333333333334 77.33333333333333 81.66666666666667;742.3333333333334 240.66666666666666 230.33333333333334
C:\Users\33783\OneDrive\Documents\Cours\Image\ProjetIMG\data\motos\097.jpg;69.33333333333333 55.0 37.333333333333336;126.66666666666667 63.333333333333336 68.66666666666667;717.6666666666666 228.66666666666666 224.66666666666666
C:\Users\33783\OneDrive\Documents\Cours\Image\ProjetIMG\data\motos\098.jpg;189.33333333333334 91.33333333333333 87.33333333333333;194.66666666666666 81.66666666666667 93.0;170.33333333333334 72.33333333333333 82.66666666666667
C:\Users\33783\OneDrive\Documents\Cours\Image\ProjetIMG\data\motos\099.jpg;105.66666666666667 75.66666666666667 68.0;172.0 79.66666666666667 87.0;356.6666666666667 97.0 107.66666666666667
C:\Users\33783\OneDrive\Documents\Cours\Image\ProjetIMG\data\motos\100.jpg;195.66666666666666 125.0 150.66666666666666;319.0 161.33333333333334 189.33333333333334;725.6666666666666 224.33333333333334 257.0
C:\Users\33783\OneDrive\Documents\Cours\Image\ProjetIMG\data\motos\101.jpg;345.0 213.33333333333334 185.0;453.3333333333333 191.33333333333334 200.66666666666666;339.0 186.0 220.0
C:\Users\33783\OneDrive\Documents\Cours\Image\ProjetIMG\data\motos\102.jpg;214.66666666666666 187.66666666666666 127.33333333333333;323.3333333333333 138.0 157.66666666666666;178.33333333333334 109.0 132.66666666666666
C:\Users\33783\OneDrive\Documents\Cours\Image\ProjetIMG\data\motos\103.jpg;314.6666666666667 253.0 209.33333333333334;469.6666666666667 198.33333333333334 231.33333333333334;397.6666666666667 202.0 234.33333333333334
C:\Users\33783\OneDrive\Documents\Cours\Image\ProjetIMG\data\motos\104.jpg;231.66666666666666 150.0 155.66666666666666;293.0 154.33333333333334 162.66666666666666;264.6666666666667 141.33333333333334 169.66666666666666
C:\Users\33783\OneDrive\Documents\Cours\Image\ProjetIMG\data\motos\105.jpg;232.66666666666666 163.66666666666666 147.33333333333334;540.3333333333334 191.66666666666666 200.0;503.0 184.66666666666666 214.0
C:\Users\33783\OneDrive\Documents\Cours\Image\ProjetIMG\data\motos\106.jpg;145.66666666666666 76.33333333333333 84.0;136.66666666666666 73.0 80.0;134.0 64.33333333333333 72.33333333333333
C:\Users\33783\OneDrive\Documents\Cours\Image\ProjetIMG\data\motos\107.jpg;167.66666666666666 119.33333333333333 104.33333333333333;236.66666666666666 119.0 129.33333333333334;370.6666666666667 154.33333333333334 188.0
C:\Users\33783\OneDrive\Documents\Cours\Image\ProjetIMG\data\motos\108.jpg;126.66666666666667 139.0 115.0;315.0 156.33333333333334 186.33333333333334;1687.6666666666667 557.3333333333334 533.0
C:\Users\33783\OneDrive\Documents\Cours\Image\ProjetIMG\data\motos\109.jpg;1825.6666666666667 898.3333333333334 795.0;703.0 243.33333333333334 243.66666666666666;452.6666666666667 245.66666666666666 291.6666666666667
C:\Users\33783\OneDrive\Documents\Cours\Image\ProjetIMG\data\motos\110.jpg;139.33333333333334 90.0 85.0;150.33333333333334 64.0 74.66666666666667;114.66666666666667 74.0 86.0
C:\Users\33783\OneDrive\Documents\Cours\Image\ProjetIMG\data\motos\111.jpg;216.66666666666666 124.66666666666667 113.66666666666667;379.6666666666667 163.0 200.0;286.6666666666667 116.0 150.33333333333334
C:\Users\33783\OneDrive\Documents\Cours\Image\ProjetIMG\data\motos\112.jpg;113.66666666666667 73.66666666666667 59.0;168.0 81.33333333333333 91.66666666666667;1973.0 818.0 597.0
C:\Users\33783\OneDrive\Documents\Cours\Image\ProjetIMG\data\motos\113.jpg;282.3333333333333 183.66666666666666 200.66666666666666;459.3333333333333 223.33333333333334 266.6666666666667;1659.0 558.6666666666666 502.0
C:\Users\33783\OneDrive\Documents\Cours\Image\ProjetIMG\data\motos\114.jpg;367.0 188.0 204.33333333333334;357.0 191.33333333333334 205.0;167.66666666666666 116.66666666666667 141.33333333333334
C:\Users\33783\OneDrive\Documents\Cours\Image\ProjetIMG\data\motos\115.jpg;319.3333333333333 214.66666666666666 207.33333333333334;1312.3333333333333 500.3333333333333 546.3333333333334;786.0 239.66666666666666 247.0
C:\Users\33783\OneDrive\Documents\Cours\Image\ProjetIMG\data\motos\116.jpg;464.0 279.3333333333333 313.6666666666667;282.0 176.33333333333334 176.0;315.6666666666667 162.0 190.0
C:\Users\33783\OneDrive\Documents\Cours\Image\ProjetIMG\data\motos\117.jpg;112.66666666666667 66.66666666666667 80.0;120.33333333333333 66.66666666666667 86.0;93.0 65.0 83.0
C:\Users\33783\OneDrive\Documents\Cours\Image\ProjetIMG\data\motos\118.jpg;185.0 168.33333333333334 165.0;375.3333333333333 187.33333333333334 217.0;254.0 161.66666666666666 205.0
C:\Users\33783\OneDrive\Documents\Cours\Image\ProjetIMG\data\motos\119.jpg;185.66666666666666 142.33333333333334 121.0;268.0 129.0 148.66666666666666;157.33333333333334 98.0 129.0
C:\Users\33783\OneDrive\Documents\Cours\Image\ProjetIMG\data\motos\120.jpg;189.66666666666666 103.33333333333333 123.66666666666667;3319.6666666666665 1491.6666666666667 1051.0;246.0 124.66666666666667 158.33333333333334
C:\Users\33783\OneDrive\Documents\Cours\Image\ProjetIMG\data\motos\121.jpg;291.6666666666667 136.66666666666666 150.33333333333334;298.6666666666667 124.66666666666667 149.0;231.66666666666666 109.33333333333333 128.66666666666666
C:\Users\33783\OneDrive\Documents\Cours\Image\ProjetIMG\data\motos\122.jpg;117.66666666666667 54.666666666666664 56.666666666666664;103.66666666666667 52.0 49.333333333333336;79.0 49.0 63.0
C:\Users\33783\OneDrive\Documents\Cours\Image\ProjetIMG\data\motos\123.jpg;291.6666666666667 212.0 204.33333333333334;533.3333333333334 250.0 305.6666666666667;444.0 215.0 261.3333333333333
C:\Users\33783\OneDrive\Documents\Cours\Image\ProjetIMG\data\motos\124.jpg;212.33333333333334 96.0 113.66666666666667;220.66666666666666 94.0 109.66666666666667;177.33333333333334 79.33333333333333 102.33333333333333
C:\Users\33783\OneDrive\Documents\Cours\Image\ProjetIMG\data\motos\125.jpg;249.0 133.0 124.0;328.0 145.33333333333334 159.66666666666666;289.6666666666667 152.66666666666666 168.33333333333334
C:\Users\33783\OneDrive\Documents\Cours\Image\ProjetIMG\data\motos\126.jpg;261.3333333333333 113.33333333333333 113.66666666666667;1078.6666666666667 561.3333333333334 547.6666666666666;232.66666666666666 155.33333333333334 193.0
C:\Users\33783\OneDrive\Documents\Cours\Image\ProjetIMG\data\motos\127.jpg;200.0 113.33333333333333 93.0;553.6666666666666 224.0 247.33333333333334;357.6666666666667 149.33333333333334 162.0
C:\Users\33783\OneDrive\Documents\Cours\Image\ProjetIMG\data\motos\128.jpg;327.3333333333333 173.33333333333334 156.0;364.3333333333333 143.0 168.66666666666666;293.6666666666667 137.66666666666666 178.0
C:\Users\33783\OneDrive\Documents\Cours\Image\ProjetIMG\data\motos\129.jpg;195.0 116.33333333333333 156.66666666666666;300.3333333333333 144.0 164.0;732.3333333333334 254.0 278.0
C:\Users\33783\OneDrive\Documents\Cours\Image\ProjetIMG\data\motos\130.jpg;175.66666666666666 89.66666666666667 89.66666666666667;218.66666666666666 90.66666666666667 100.33333333333333;487.6666666666667 133.0 157.66666666666666
C:\Users\33783\OneDrive\Documents\Cours\Image\ProjetIMG\data\motos\131.jpg;241.0 156.0 142.0;305.3333333333333 145.66666666666666 170.33333333333334;1304.6666666666667 581.0 533.0
C:\Users\33783\OneDrive\Documents\Cours\Image\ProjetIMG\data\motos\132.jpg;286.0 192.33333333333334 205.66666666666666;3101.0 1318.0 1073.6666666666667;1053.3333333333333 284.6666666666667 313.3333333333333
C:\Users\33783\OneDrive\Documents\Cours\Image\ProjetIMG\data\motos\133.jpg;175.0 91.66666666666667 93.33333333333333;166.0 82.0 88.66666666666667;190.0 68.33333333333333 83.0
C:\Users\33783\OneDrive\Documents\Cours\Image\ProjetIMG\data\motos\134.jpg;107.66666666666667 73.33333333333333 74.33333333333333;150.0 78.0 89.33333333333333;1559.0 552.6666666666666 552.0
C:\Users\33783\OneDrive\Documents\Cours\Image\ProjetIMG\data\motos\135.jpg;342.6666666666667 184.0 198.33333333333334;312.0 157.0 173.66666666666666;269.0 130.66666666666666 151.33333333333334
C:\Users\33783\OneDrive\Documents\Cours\Image\ProjetIMG\data\motos\136.jpg;1001.3333333333334 491.6666666666667 422.3333333333333;814.3333333333334 305.3333333333333 280.3333333333333;506.6666666666667 241.33333333333334 275.3333333333333
C:\Users\33783\OneDrive\Documents\Cours\Image\ProjetIMG\data\motos\137.jpg;160.33333333333334 146.33333333333334 134.33333333333334;272.0 140.66666666666666 175.0;149.0 121.0 147.66666666666666
C:\Users\33783\OneDrive\Documents\Cours\Image\ProjetIMG\data\motos\138.jpg;70.33333333333333 43.666666666666664 55.666666666666664;82.33333333333333 43.333333333333336 56.333333333333336;81.0 43.0 46.0
C:\Users\33783\OneDrive\Documents\Cours\Image\ProjetIMG\data\motos\139.jpg;129.33333333333334 126.66666666666667 106.66666666666667;230.33333333333334 107.0 136.33333333333334;193.0 118.0 146.0
C:\Users\33783\OneDrive\Documents\Cours\Image\ProjetIMG\data\motos\140.jpg;284.0 130.33333333333334 149.0;313.6666666666667 148.66666666666666 161.33333333333334;158.0 124.66666666666667 152.0
C:\Users\33783\OneDrive\Documents\Cours\Image\ProjetIMG\data\motos\141.jpg;212.33333333333334 159.0 126.66666666666667;340.3333333333333 165.33333333333334 185.0;327.0 144.33333333333334 172.33333333333334
C:\Users\33783\OneDrive\Documents\Cours\Image\ProjetIMG\data\motos\142.jpg;157.0 68.66666666666667 66.66666666666667;209.0 86.33333333333333 95.66666666666667;645.3333333333334 312.0 302.0
C:\Users\33783\OneDrive\Documents\Cours\Image\ProjetIMG\data\motos\143.jpg;152.66666666666666 85.0 65.66666666666667;205.33333333333334 86.0 94.33333333333333;506.6666666666667 124.0 130.33333333333334
C:\Users\33783\OneDrive\Documents\Cours\Image\ProjetIMG\data\motos\144.jpg;213.33333333333334 101.66666666666667 99.0;251.0 119.0 117.33333333333333;447.0 133.0 152.0
C:\Users\33783\OneDrive\Documents\Cours\Image\ProjetIMG\data\motos\145.jpg;67.0 48.666666666666664 53.666666666666664;129.66666666666666 72.0 86.33333333333333;681.3333333333334 179.0 183.0
C:\Users\33783\OneDrive\Documents\Cours\Image\ProjetIMG\data\motos\146.jpg;148.0 69.0 67.33333333333333;135.0 72.33333333333333 74.66666666666667;95.66666666666667 54.666666666666664 65.0
C:\Users\33783\OneDrive\Documents\Cours\Image\ProjetIMG\data\motos\147.jpg;472.3333333333333 214.33333333333334 245.66666666666666;479.0 217.33333333333334 263.0;405.0 214.66666666666666 265.3333333333333
C:\Users\33783\OneDrive\Documents\Cours\Image\ProjetIMG\data\motos\148.jpg;180.66666666666666 143.33333333333334 114.33333333333333;321.6666666666667 135.66666666666666 157.33333333333334;154.66666666666666 123.66666666666667 140.33333333333334
C:\Users\33783\OneDrive\Documents\Cours\Image\ProjetIMG\data\motos\149.jpg;80.33333333333333 59.333333333333336 51.333333333333336;288.0 170.0 213.0;184.66666666666666 79.33333333333333 82.0
C:\Users\33783\OneDrive\Documents\Cours\Image\ProjetIMG\data\motos\150.jpg;1845.6666666666667 855.6666666666666 743.6666666666666;683.0 233.33333333333334 239.33333333333334;355.6666666666667 203.66666666666666 228.0
C:\Users\33783\OneDrive\Documents\Cours\Image\ProjetIMG\data\motos\151.jpg;136.0 102.66666666666667 109.33333333333333;197.66666666666666 113.33333333333333 127.66666666666667;149.66666666666666 87.0 106.33333333333333
C:\Users\33783\OneDrive\Documents\Cours\Image\ProjetIMG\data\motos\152.jpg;148.66666666666666 94.66666666666667 86.0;224.0 103.66666666666667 128.33333333333334;103.33333333333333 73.33333333333333 91.33333333333333
C:\Users\33783\OneDrive\Documents\Cours\Image\ProjetIMG\data\motos\153.jpg;49.0 47.333333333333336 48.666666666666664;196.33333333333334 97.66666666666667 112.0;2179.3333333333335 773.6666666666666 692.3333333333334
C:\Users\33783\OneDrive\Documents\Cours\Image\ProjetIMG\data\motos\154.jpg;180.66666666666666 126.33333333333333 121.66666666666667;304.0 153.0 181.33333333333334;2193.3333333333335 778.6666666666666 885.0
C:\Users\33783\OneDrive\Documents\Cours\Image\ProjetIMG\data\motos\155.jpg;224.66666666666666 144.66666666666666 131.0;632.0 236.33333333333334 232.33333333333334;716.3333333333334 241.33333333333334 263.6666666666667
C:\Users\33783\OneDrive\Documents\Cours\Image\ProjetIMG\data\motos\156.jpg;166.66666666666666 136.0 110.66666666666667;257.0 115.0 134.33333333333334;148.33333333333334 106.0 127.33333333333333
C:\Users\33783\OneDrive\Documents\Cours\Image\ProjetIMG\data\motos\157.jpg;258.0 193.33333333333334 173.66666666666666;2881.6666666666665 1133.0 976.6666666666666;372.0 198.66666666666666 246.66666666666666
C:\Users\33783\OneDrive\Documents\Cours\Image\ProjetIMG\data\motos\158.jpg;411.3333333333333 266.3333333333333 268.6666666666667;1033.0 341.0 332.6666666666667;1023.6666666666666 342.6666666666667 364.3333333333333
C:\Users\33783\OneDrive\Documents\Cours\Image\ProjetIMG\data\motos\159.jpg;493.3333333333333 384.6666666666667 374.0;1107.0 417.6666666666667 388.0;1194.0 383.3333333333333 395.0
C:\Users\33783\OneDrive\Documents\Cours\Image\ProjetIMG\data\motos\160.jpg;560.3333333333334 322.6666666666667 301.3333333333333;1044.3333333333333 366.6666666666667 371.3333333333333;867.3333333333334 343.6666666666667 388.6666666666667
C:\Users\33783\OneDrive\Documents\Cours\Image\ProjetIMG\data\motos\161.jpg;978.0 603.0 487.0;1567.3333333333333 640.3333333333334 618.0;1174.0 536.6666666666666 584.6666666666666
C:\Users\33783\OneDrive\Documents\Cours\Image\ProjetIMG\data\motos\162.jpg;807.6666666666666 398.6666666666667 305.6666666666667;1888.6666666666667 886.6666666666666 724.0;1043.6666666666667 358.6666666666667 385.3333333333333
C:\Users\33783\OneDrive\Documents\Cours\Image\ProjetIMG\data\motos\163.jpg;176.66666666666666 81.0 96.33333333333333;172.33333333333334 128.33333333333334 121.33333333333333;1753.3333333333333 472.6666666666667 507.0
C:\Users\33783\OneDrive\Documents\Cours\Image\ProjetIMG\data\motos\164.jpg;3.3333333333333335 4.0 4.333333333333333;9.0 6.0 5.666666666666667;469.0 150.0 164.33333333333334
C:\Users\33783\OneDrive\Documents\Cours\Image\ProjetIMG\data\motos\165.jpg;0.6666666666666666 0.3333333333333333 0.6666666666666666;26.0 9.333333333333334 10.0;161.66666666666666 40.333333333333336 42.666666666666664
C:\Users\33783\OneDrive\Documents\Cours\Image\ProjetIMG\data\motos\166.jpg;9346.333333333334 8680.666666666666 1215.0;244.66666666666666 115.66666666666667 131.33333333333334;497.3333333333333 80.66666666666667 86.0
C:\Users\33783\OneDrive\Documents\Cours\Image\ProjetIMG\data\motos\167.jpg;2503.0 705.0 595.3333333333334;2503.0 705.0 595.3333333333334;2503.0 705.0 595.3333333333334
C:\Users\33783\OneDrive\Documents\Cours\Image\ProjetIMG\data\motos\168.jpg;531.0 235.0 268.3333333333333;727.6666666666666 298.6666666666667 313.3333333333333;318.3333333333333 233.33333333333334 273.6666666666667
C:\Users\33783\OneDrive\Documents\Cours\Image\ProjetIMG\data\motos\169.jpg;11.0 6.333333333333333 5.333333333333333;19.0 14.666666666666666 12.0;25.0 12.0 12.666666666666666
C:\Users\33783\OneDrive\Documents\Cours\Image\ProjetIMG\data\motos\170.jpg;4789.0 2178.3333333333335 1686.0;1532.0 1883.3333333333333 1634.3333333333333;5086.333333333333 2050.6666666666665 1783.0
C:\Users\33783\OneDrive\Documents\Cours\Image\ProjetIMG\data\motos\171.jpg;1.3333333333333333 1.3333333333333333 1.0;25.0 10.0 11.333333333333334;546.6666666666666 203.0 223.66666666666666
C:\Users\33783\OneDrive\Documents\Cours\Image\ProjetIMG\data\motos\172.jpg;934.3333333333334 374.0 383.6666666666667;635.0 545.3333333333334 406.6666666666667;1615.3333333333333 419.0 467.3333333333333
C:\Users\33783\OneDrive\Documents\Cours\Image\ProjetIMG\data\motos\173.jpg;1758.0 855.0 831.6666666666666;1334.0 869.6666666666666 757.3333333333334;1180.6666666666667 639.3333333333334 696.3333333333334
C:\Users\33783\OneDrive\Documents\Cours\Image\ProjetIMG\data\motos\174.jpg;9963.333333333334 9070.666666666666 1095.6666666666667;1185.6666666666667 598.6666666666666 518.3333333333334;275.6666666666667 107.66666666666667 129.66666666666666
C:\Users\33783\OneDrive\Documents\Cours\Image\ProjetIMG\data\motos\175.jpg;6301.0 1992.0 1442.6666666666667;5127.0 2244.3333333333335 1531.3333333333333;2105.0 1901.6666666666667 2136.0
C:\Users\33783\OneDrive\Documents\Cours\Image\ProjetIMG\data\motos\176.jpg;699.0 269.6666666666667 375.6666666666667;850.0 463.0 413.3333333333333;574.6666666666666 211.33333333333334 244.33333333333334
C:\Users\33783\OneDrive\Documents\Cours\Image\ProjetIMG\data\motos\177.jpg;627.3333333333334 228.66666666666666 227.66666666666666;432.3333333333333 222.33333333333334 222.66666666666666;502.6666666666667 157.33333333333334 191.33333333333334
C:\Users\33783\OneDrive\Documents\Cours\Image\ProjetIMG\data\motos\178.jpg;623.0 201.0 191.0;370.3333333333333 203.33333333333334 165.66666666666666;386.3333333333333 148.0 166.66666666666666
C:\Users\33783\OneDrive\Documents\Cours\Image\ProjetIMG\data\motos\179.jpg;413.0 253.33333333333334 168.33333333333334;426.0 160.0 173.66666666666666;516.0 185.0 195.0
C:\Users\33783\OneDrive\Documents\Cours\Image\ProjetIMG\data\motos\180.jpg;470.6666666666667 178.33333333333334 192.0;422.3333333333333 168.0 189.33333333333334;443.6666666666667 217.66666666666666 247.0
C:\Users\33783\OneDrive\Documents\Cours\Image\ProjetIMG\data\motos\181.jpg;796.0 269.3333333333333 262.3333333333333;467.3333333333333 272.6666666666667 240.33333333333334;567.3333333333334 223.66666666666666 242.66666666666666
C:\Users\33783\OneDrive\Documents\Cours\Image\ProjetIMG\data\motos\182.jpg;881.0 294.3333333333333 303.6666666666667;669.6666666666666 341.0 283.0;754.6666666666666 252.0 287.6666666666667
C:\Users\33783\OneDrive\Documents\Cours\Image\ProjetIMG\data\motos\183.jpg;803.0 255.33333333333334 245.66666666666666;591.6666666666666 310.6666666666667 229.33333333333334;580.3333333333334 242.66666666666666 269.6666666666667
C:\Users\33783\OneDrive\Documents\Cours\Image\ProjetIMG\data\motos\184.jpg;669.3333333333334 262.3333333333333 274.0;540.6666666666666 281.0 256.3333333333333;650.6666666666666 243.0 278.3333333333333
C:\Users\33783\OneDrive\Documents\Cours\Image\ProjetIMG\data\motos\185.jpg;1185.3333333333333 371.6666666666667 302.6666666666667;1042.6666666666667 321.3333333333333 277.3333333333333;1072.6666666666667 282.0 290.6666666666667
C:\Users\33783\OneDrive\Documents\Cours\Image\ProjetIMG\data\motos\186.jpg;818.0 357.0 346.6666666666667;659.0 343.3333333333333 339.6666666666667;704.6666666666666 354.3333333333333 387.0
C:\Users\33783\OneDrive\Documents\Cours\Image\ProjetIMG\data\motos\187.jpg;673.0 265.6666666666667 200.33333333333334;660.0 340.3333333333333 207.33333333333334;854.3333333333334 206.0 204.0
C:\Users\33783\OneDrive\Documents\Cours\Image\ProjetIMG\data\motos\188.jpg;713.3333333333334 664.0 657.6666666666666;1279.3333333333333 509.0 613.0;1817.6666666666667 435.6666666666667 546.6666666666666
C:\Users\33783\OneDrive\Documents\Cours\Image\ProjetIMG\data\motos\189.jpg;1256.0 517.6666666666666 516.3333333333334;1082.0 863.6666666666666 515.6666666666666;1582.6666666666667 478.0 511.0
C:\Users\33783\OneDrive\Documents\Cours\Image\ProjetIMG\data\motos\190.jpg;753.0 314.0 249.33333333333334;710.3333333333334 446.0 262.6666666666667;1102.3333333333333 263.6666666666667 268.0
C:\Users\33783\OneDrive\Documents\Cours\Image\ProjetIMG\data\motos\191.jpg;534.3333333333334 264.6666666666667 240.66666666666666;849.3333333333334 322.6666666666667 313.0;956.0 275.6666666666667 301.6666666666667
C:\Users\33783\OneDrive\Documents\Cours\Image\ProjetIMG\data\motos\192.jpg;24.0 14.0 45.333333333333336;161.66666666666666 52.666666666666664 56.666666666666664;105.33333333333333 44.333333333333336 48.333333333333336
C:\Users\33783\OneDrive\Documents\Cours\Image\ProjetIMG\data\motos\193.jpg;1358.6666666666667 897.0 1134.6666666666667;964.0 771.0 786.3333333333334;1493.0 711.6666666666666 892.3333333333334
C:\Users\33783\OneDrive\Documents\Cours\Image\ProjetIMG\data\motos\194.jpg;1238.0 476.3333333333333 472.6666666666667;907.6666666666666 487.0 457.0;208.0 243.33333333333334 291.0
C:\Users\33783\OneDrive\Documents\Cours\Image\ProjetIMG\data\motos\195.jpg;6054.0 1952.3333333333333 1342.6666666666667;5334.666666666667 2372.3333333333335 1542.6666666666667;2826.6666666666665 1306.6666666666667 1383.3333333333333
C:\Users\33783\OneDrive\Documents\Cours\Image\ProjetIMG\data\motos\196.jpg;83.0 78.33333333333333 151.66666666666666;1786.0 666.0 684.6666666666666;2495.0 681.6666666666666 671.3333333333334
C:\Users\33783\OneDrive\Documents\Cours\Image\ProjetIMG\data\motos\197.jpg;2.0 2.3333333333333335 3.0;71.0 26.0 26.0;16.666666666666668 7.666666666666667 7.333333333333333
C:\Users\33783\OneDrive\Documents\Cours\Image\ProjetIMG\data\motos\198.jpg;302.6666666666667 201.0 218.33333333333334;446.0 254.33333333333334 248.0;749.0 260.3333333333333 304.3333333333333
C:\Users\33783\OneDrive\Documents\Cours\Image\ProjetIMG\data\motos\199.jpg;1605.6666666666667 3432.6666666666665 14188.0;1768.3333333333333 4310.0 14258.0;1038.6666666666667 2291.0 11584.0
C:\Users\33783\OneDrive\Documents\Cours\Image\ProjetIMG\data\motos\200.jpg;392.0 94.66666666666667 85.0;484.3333333333333 174.66666666666666 139.0;259.0 102.0 106.33333333333333
C:\Users\33783\OneDrive\Documents\Cours\Image\ProjetIMG\data\motos\201.jpg;0.0 0.0 0.0;1.3333333333333333 0.3333333333333333 0.3333333333333333;0.3333333333333333 0.3333333333333333 0.3333333333333333
C:\Users\33783\OneDrive\Documents\Cours\Image\ProjetIMG\data\motos\202.jpg;648.6666666666666 197.33333333333334 180.33333333333334;753.6666666666666 362.0 242.66666666666666;1109.3333333333333 223.33333333333334 225.66666666666666
C:\Users\33783\OneDrive\Documents\Cours\Image\ProjetIMG\data\motos\203.jpg;755.0 267.0 241.0;805.0 351.6666666666667 251.33333333333334;710.3333333333334 204.0 206.66666666666666
C:\Users\33783\OneDrive\Documents\Cours\Image\ProjetIMG\data\motos\204.jpg;729.0 292.3333333333333 252.66666666666666;805.3333333333334 250.0 250.33333333333334;317.3333333333333 345.3333333333333 401.0
C:\Users\33783\OneDrive\Documents\Cours\Image\ProjetIMG\data\motos\205.jpg;80.33333333333333 29.333333333333332 32.0;386.0 187.33333333333334 179.0;102.0 38.333333333333336 50.666666666666664
C:\Users\33783\OneDrive\Documents\Cours\Image\ProjetIMG\data\motos\206.jpg;223.0 114.0 103.33333333333333;289.3333333333333 116.0 134.33333333333334;215.33333333333334 96.66666666666667 119.66666666666667
C:\Users\33783\OneDrive\Documents\Cours\Image\ProjetIMG\data\motos\207.jpg;472.0 108.33333333333333 116.66666666666667;180.0 139.0 118.0;148.66666666666666 99.66666666666667 110.33333333333333
C:\Users\33783\OneDrive\Documents\Cours\Image\ProjetIMG\data\motos\208.jpg;128.33333333333334 76.33333333333333 68.0;196.66666666666666 92.0 58.333333333333336;293.0 51.666666666666664 52.666666666666664
C:\Users\33783\OneDrive\Documents\Cours\Image\ProjetIMG\data\motos\209.jpg;410.6666666666667 143.66666666666666 137.33333333333334;615.3333333333334 334.0 276.0;399.0 153.66666666666666 168.66666666666666
C:\Users\33783\OneDrive\Documents\Cours\Image\ProjetIMG\data\motos\210.jpg;11.666666666666666 8.666666666666666 20.666666666666668;363.6666666666667 164.0 172.66666666666666;87.33333333333333 24.333333333333332 24.666666666666668
C:\Users\33783\OneDrive\Documents\Cours\Image\ProjetIMG\data\motos\211.jpg;0.0 0.0 0.6666666666666666;615.0 202.0 218.0;2108.3333333333335 510.6666666666667 497.3333333333333
C:\Users\33783\OneDrive\Documents\Cours\Image\ProjetIMG\data\motos\212.jpg;2329.6666666666665 1963.6666666666667 1437.3333333333333;6683.666666666667 3135.3333333333335 2272.3333333333335;4289.666666666667 2453.3333333333335 2335.6666666666665
C:\Users\33783\OneDrive\Documents\Cours\Image\ProjetIMG\data\motos\213.jpg;13.0 6.333333333333333 13.0;230.33333333333334 90.0 81.66666666666667;1814.6666666666667 232.66666666666666 250.33333333333334
C:\Users\33783\OneDrive\Documents\Cours\Image\ProjetIMG\data\motos\214.jpg;149.33333333333334 89.0 104.66666666666667;498.6666666666667 300.0 273.6666666666667;4037.3333333333335 749.6666666666666 773.6666666666666
C:\Users\33783\OneDrive\Documents\Cours\Image\ProjetIMG\data\motos\215.jpg;39.0 20.666666666666668 25.0;141.0 48.333333333333336 52.333333333333336;146.0 40.333333333333336 50.0
C:\Users\33783\OneDrive\Documents\Cours\Image\ProjetIMG\data\motos\216.jpg;38.666666666666664 19.0 15.666666666666666;87.66666666666667 37.666666666666664 37.333333333333336;70.33333333333333 23.666666666666668 26.333333333333332
C:\Users\33783\OneDrive\Documents\Cours\Image\ProjetIMG\data\motos\217.jpg;27.666666666666668 10.333333333333334 15.0;87.0 23.0 24.0;117.33333333333333 29.0 32.666666666666664
C:\Users\33783\OneDrive\Documents\Cours\Image\ProjetIMG\data\motos\218.jpg;23.666666666666668 14.333333333333334 15.0;72.66666666666667 25.333333333333332 31.666666666666668;113.0 27.666666666666668 26.0
C:\Users\33783\OneDrive\Documents\Cours\Image\ProjetIMG\data\motos\219.jpg;231.0 61.666666666666664 56.666666666666664;161.0 79.66666666666667 67.66666666666667;193.33333333333334 58.0 54.666666666666664
C:\Users\33783\OneDrive\Documents\Cours\Image\ProjetIMG\data\motos\220.jpg;522.3333333333334 176.0 185.33333333333334;638.0 254.33333333333334 220.0;316.3333333333333 119.33333333333333 140.33333333333334
C:\Users\33783\OneDrive\Documents\Cours\Image\ProjetIMG\data\motos\221.jpg;54.0 23.666666666666668 28.0;323.0 183.33333333333334 214.0;67.33333333333333 20.333333333333332 23.0
C:\Users\33783\OneDrive\Documents\Cours\Image\ProjetIMG\data\motos\222.jpg;53.666666666666664 28.333333333333332 35.0;341.0 130.66666666666666 151.0;85.33333333333333 33.333333333333336 36.666666666666664
C:\Users\33783\OneDrive\Documents\Cours\Image\ProjetIMG\data\motos\223.jpg;7304.666666666667 1568.3333333333333 1169.0;9461.0 2877.3333333333335 2151.0;7254.333333333333 1889.3333333333333 1729.6666666666667
C:\Users\33783\OneDrive\Documents\Cours\Image\ProjetIMG\data\motos\224.jpg;32.0 14.0 19.666666666666668;99.33333333333333 25.333333333333332 26.0;103.0 19.666666666666668 23.0
C:\Users\33783\OneDrive\Documents\Cours\Image\ProjetIMG\data\motos\225.jpg;16.666666666666668 10.0 18.333333333333332;62.333333333333336 29.333333333333332 32.0;73.33333333333333 24.333333333333332 30.333333333333332
C:\Users\33783\OneDrive\Documents\Cours\Image\ProjetIMG\data\motos\226.jpg;58.333333333333336 56.666666666666664 54.0;1605.6666666666667 1052.3333333333333 783.0;203.0 77.33333333333333 90.66666666666667
C:\Users\33783\OneDrive\Documents\Cours\Image\ProjetIMG\data\motos\227.jpg;72.0 34.666666666666664 35.666666666666664;159.0 45.666666666666664 50.0;145.33333333333334 54.0 60.666666666666664
C:\Users\33783\OneDrive\Documents\Cours\Image\ProjetIMG\data\motos\228.jpg;64.0 23.666666666666668 34.0;178.33333333333334 49.666666666666664 56.666666666666664;146.33333333333334 30.666666666666668 30.333333333333332
C:\Users\33783\OneDrive\Documents\Cours\Image\ProjetIMG\data\motos\229.jpg;201.33333333333334 124.0 207.66666666666666;612.3333333333334 157.66666666666666 153.0;319.3333333333333 105.33333333333333 112.33333333333333
C:\Users\33783\OneDrive\Documents\Cours\Image\ProjetIMG\data\motos\230.jpg;413.0 253.33333333333334 168.33333333333334;426.0 160.0 173.66666666666666;516.0 185.0 195.0
C:\Users\33783\OneDrive\Documents\Cours\Image\ProjetIMG\data\motos\231.jpg;75.66666666666667 49.0 62.666666666666664;1963.6666666666667 913.6666666666666 930.3333333333334;4675.333333333333 1313.0 1287.3333333333333
C:\Users\33783\OneDrive\Documents\Cours\Image\ProjetIMG\data\motos\232.jpg;2182.6666666666665 1426.3333333333333 1230.0;3163.3333333333335 1507.3333333333333 1282.6666666666667;1113.6666666666667 625.3333333333334 722.3333333333334
C:\Users\33783\OneDrive\Documents\Cours\Image\ProjetIMG\data\motos\233.jpg;41.0 9.0 10.333333333333334;40.333333333333336 17.0 16.666666666666668;38.333333333333336 14.333333333333334 12.333333333333334
C:\Users\33783\OneDrive\Documents\Cours\Image\ProjetIMG\data\motos\234.jpg;188.0 101.66666666666667 137.0;2127.0 636.0 607.0;4231.0 829.0 821.0
C:\Users\33783\OneDrive\Documents\Cours\Image\ProjetIMG\data\motos\235.jpg;577.0 180.66666666666666 187.66666666666666;468.3333333333333 299.0 290.3333333333333;2870.6666666666665 439.0 451.6666666666667
C:\Users\33783\OneDrive\Documents\Cours\Image\ProjetIMG\data\motos\236.jpg;66.0 40.333333333333336 61.333333333333336;349.0 187.0 206.33333333333334;3016.6666666666665 1014.0 1086.3333333333333
C:\Users\33783\OneDrive\Documents\Cours\Image\ProjetIMG\data\motos\237.jpg;814.0 339.3333333333333 421.0;423.0 348.3333333333333 411.0;138.0 156.0 212.0
C:\Users\33783\OneDrive\Documents\Cours\Image\ProjetIMG\data\motos\238.jpg;831.0 340.6666666666667 446.0;933.3333333333334 480.0 470.6666666666667;649.3333333333334 294.3333333333333 336.3333333333333
C:\Users\33783\OneDrive\Documents\Cours\Image\ProjetIMG\data\motos\239.jpg;497.0 221.66666666666666 234.33333333333334;2821.6666666666665 1073.6666666666667 1006.0;496.6666666666667 331.3333333333333 380.3333333333333
C:\Users\33783\OneDrive\Documents\Cours\Image\ProjetIMG\data\motos\240.jpg;1895.0 803.0 905.0;27.333333333333332 32.666666666666664 47.333333333333336;1011.6666666666666 436.0 510.0
C:\Users\33783\OneDrive\Documents\Cours\Image\ProjetIMG\data\motos\241.jpg;149.66666666666666 95.0 143.33333333333334;1306.3333333333333 493.6666666666667 479.6666666666667;77.0 48.666666666666664 54.0
C:\Users\33783\OneDrive\Documents\Cours\Image\ProjetIMG\data\motos\242.jpg;628.3333333333334 307.3333333333333 261.6666666666667;861.0 356.3333333333333 384.0;303.6666666666667 342.0 415.0
C:\Users\33783\OneDrive\Documents\Cours\Image\ProjetIMG\data\motos\243.jpg;4.0 1.0 0.6666666666666666;4.0 1.0 0.6666666666666666;4.0 1.0 0.6666666666666666
C:\Users\33783\OneDrive\Documents\Cours\Image\ProjetIMG\data\motos\244.jpg;961.0 490.0 477.3333333333333;1119.6666666666667 410.6666666666667 470.3333333333333;551.0 457.0 547.3333333333334
C:\Users\33783\OneDrive\Documents\Cours\Image\ProjetIMG\data\motos\245.jpg;284.0 113.0 130.0;435.0 180.33333333333334 187.33333333333334;120.66666666666667 102.0 119.33333333333333
C:\Users\33783\OneDrive\Documents\Cours\Image\ProjetIMG\data\motos\246.jpg;1104.6666666666667 522.3333333333334 454.6666666666667;1197.3333333333333 504.3333333333333 446.0;562.6666666666666 446.3333333333333 503.3333333333333
C:\Users\33783\OneDrive\Documents\Cours\Image\ProjetIMG\data\motos\247.jpg;470.6666666666667 238.33333333333334 277.0;528.6666666666666 241.0 261.0;131.0 125.33333333333333 167.0
C:\Users\33783\OneDrive\Documents\Cours\Image\ProjetIMG\data\motos\248.jpg;497.3333333333333 182.66666666666666 171.0;335.3333333333333 165.33333333333334 160.33333333333334;126.0 96.33333333333333 109.66666666666667
C:\Users\33783\OneDrive\Documents\Cours\Image\ProjetIMG\data\motos\249.jpg;1338.6666666666667 557.3333333333334 549.3333333333334;1008.3333333333334 540.3333333333334 603.3333333333334;984.3333333333334 333.6666666666667 364.3333333333333
C:\Users\33783\OneDrive\Documents\Cours\Image\ProjetIMG\data\motos\250.jpg;1494.6666666666667 554.6666666666666 586.0;1111.3333333333333 523.3333333333334 558.0;841.3333333333334 469.3333333333333 552.6666666666666
C:\Users\33783\OneDrive\Documents\Cours\Image\ProjetIMG\data\motos\251.jpg;494.6666666666667 222.0 240.0;1454.0 643.0 664.6666666666666;170.33333333333334 148.33333333333334 190.0
C:\Users\33783\OneDrive\Documents\Cours\Image\ProjetIMG\data\motos\252.jpg;889.0 388.3333333333333 376.0;819.3333333333334 400.6666666666667 376.3333333333333;742.6666666666666 256.6666666666667 294.0
C:\Users\33783\OneDrive\Documents\Cours\Image\ProjetIMG\data\motos\253.jpg;0.0 0.0 0.3333333333333333;1.6666666666666667 0.0 1.0;2586.0 896.3333333333334 874.6666666666666
C:\Users\33783\OneDrive\Documents\Cours\Image\ProjetIMG\data\motos\254.jpg;16.666666666666668 16.333333333333332 44.0;362.6666666666667 123.66666666666667 136.66666666666666;36.333333333333336 29.333333333333332 34.0
C:\Users\33783\OneDrive\Documents\Cours\Image\ProjetIMG\data\motos\255.jpg;3611.6666666666665 983.6666666666666 879.6666666666666;2625.6666666666665 1301.6666666666667 1087.6666666666667;3006.6666666666665 763.3333333333334 836.6666666666666
C:\Users\33783\OneDrive\Documents\Cours\Image\ProjetIMG\data\motos\256.jpg;6.0 3.3333333333333335 5.333333333333333;151.0 54.666666666666664 71.66666666666667;315.3333333333333 89.66666666666667 98.33333333333333
C:\Users\33783\OneDrive\Documents\Cours\Image\ProjetIMG\data\motos\257.jpg;680.0 452.3333333333333 452.0;1464.0 576.0 533.6666666666666;380.6666666666667 234.33333333333334 278.6666666666667
C:\Users\33783\OneDrive\Documents\Cours\Image\ProjetIMG\data\motos\258.jpg;818.6666666666666 212.66666666666666 223.33333333333334;144.0 204.66666666666666 220.66666666666666;262.3333333333333 134.0 152.66666666666666
C:\Users\33783\OneDrive\Documents\Cours\Image\ProjetIMG\data\motos\259.jpg;1851.6666666666667 398.3333333333333 413.3333333333333;297.3333333333333 408.6666666666667 452.0;277.0 185.0 203.0
C:\Users\33783\OneDrive\Documents\Cours\Image\ProjetIMG\data\motos\260.jpg;357.6666666666667 191.66666666666666 136.0;411.6666666666667 168.0 137.33333333333334;436.3333333333333 139.0 159.33333333333334
C:\Users\33783\OneDrive\Documents\Cours\Image\ProjetIMG\data\motos\261.jpg;7897.333333333333 6710.333333333333 1233.3333333333333;8351.0 6757.0 1365.0;8342.666666666666 6506.666666666667 1266.6666666666667
C:\Users\33783\OneDrive\Documents\Cours\Image\ProjetIMG\data\motos\262.jpg;3716.0 2239.6666666666665 1928.0;2281.3333333333335 2385.3333333333335 2319.0;9196.0 2545.6666666666665 2489.6666666666665
C:\Users\33783\OneDrive\Documents\Cours\Image\ProjetIMG\data\motos\263.jpg;46.666666666666664 18.0 21.333333333333332;39.0 22.0 17.333333333333332;12.0 9.333333333333334 10.0
C:\Users\33783\OneDrive\Documents\Cours\Image\ProjetIMG\data\motos\264.jpg;5943.0 2868.0 2350.3333333333335;2782.6666666666665 2094.0 1737.3333333333333;1277.3333333333333 1027.0 1087.0
C:\Users\33783\OneDrive\Documents\Cours\Image\ProjetIMG\data\motos\265.jpg;157.33333333333334 39.0 37.333333333333336;110.33333333333333 83.33333333333333 55.666666666666664;374.6666666666667 49.333333333333336 52.0
C:\Users\33783\OneDrive\Documents\Cours\Image\ProjetIMG\data\motos\266.jpg;591.3333333333334 219.66666666666666 225.33333333333334;546.0 315.6666666666667 282.0;181.33333333333334 107.66666666666667 132.0
C:\Users\33783\OneDrive\Documents\Cours\Image\ProjetIMG\data\motos\267.jpg;223.66666666666666 109.33333333333333 132.33333333333334;65.33333333333333 57.0 74.0;687.3333333333334 283.3333333333333 287.3333333333333
C:\Users\33783\OneDrive\Documents\Cours\Image\ProjetIMG\data\motos\268.jpg;161.66666666666666 87.33333333333333 105.33333333333333;115.0 73.33333333333333 83.33333333333333;82.0 48.666666666666664 59.333333333333336
C:\Users\33783\OneDrive\Documents\Cours\Image\ProjetIMG\data\motos\269.jpg;597.0 275.3333333333333 322.3333333333333;1046.6666666666667 403.3333333333333 344.0;1187.0 340.6666666666667 365.6666666666667
C:\Users\33783\OneDrive\Documents\Cours\Image\ProjetIMG\data\motos\270.jpg;541.3333333333334 127.66666666666667 123.0;258.3333333333333 255.33333333333334 172.33333333333334;133.33333333333334 131.33333333333334 145.0
C:\Users\33783\OneDrive\Documents\Cours\Image\ProjetIMG\data\motos\271.jpg;1066.3333333333333 708.3333333333334 572.3333333333334;1545.6666666666667 628.3333333333334 573.3333333333334;483.3333333333333 381.6666666666667 452.3333333333333
C:\Users\33783\OneDrive\Documents\Cours\Image\ProjetIMG\data\motos\272.jpg;415.6666666666667 232.33333333333334 212.33333333333334;908.3333333333334 367.0 363.6666666666667;454.0 281.3333333333333 334.0
C:\Users\33783\OneDrive\Documents\Cours\Image\ProjetIMG\data\motos\273.jpg;1051.3333333333333 584.0 581.3333333333334;963.3333333333334 583.3333333333334 545.0;254.0 488.3333333333333 556.6666666666666
C:\Users\33783\OneDrive\Documents\Cours\Image\ProjetIMG\data\motos\274.jpg;359.0 133.33333333333334 159.66666666666666;311.6666666666667 134.0 133.33333333333334;5.333333333333333 34.666666666666664 44.666666666666664
C:\Users\33783\OneDrive\Documents\Cours\Image\ProjetIMG\data\motos\275.jpg;677.6666666666666 306.0 313.3333333333333;835.6666666666666 342.0 347.6666666666667;246.0 362.0 429.3333333333333
C:\Users\33783\OneDrive\Documents\Cours\Image\ProjetIMG\data\motos\276.jpg;1257.6666666666667 602.0 450.6666666666667;1439.3333333333333 667.6666666666666 508.6666666666667;412.6666666666667 668.3333333333334 655.3333333333334
C:\Users\33783\OneDrive\Documents\Cours\Image\ProjetIMG\data\motos\277.jpg;901.0 535.6666666666666 547.3333333333334;863.3333333333334 544.6666666666666 544.6666666666666;159.66666666666666 467.0 533.6666666666666
C:\Users\33783\OneDrive\Documents\Cours\Image\ProjetIMG\data\motos\278.jpg;774.0 329.6666666666667 310.0;716.0 291.6666666666667 275.3333333333333;201.33333333333334 268.3333333333333 320.0
C:\Users\33783\OneDrive\Documents\Cours\Image\ProjetIMG\data\motos\279.jpg;372.0 210.0 164.33333333333334;590.3333333333334 236.33333333333334 237.0;143.0 219.33333333333334 261.6666666666667
C:\Users\33783\OneDrive\Documents\Cours\Image\ProjetIMG\data\motos\280.jpg;0.6666666666666666 0.6666666666666666 1.0;3.0 2.6666666666666665 2.0;211.0 45.0 51.0
C:\Users\33783\OneDrive\Documents\Cours\Image\ProjetIMG\data\motos\281.jpg;89.33333333333333 38.333333333333336 41.0;67.66666666666667 38.333333333333336 37.666666666666664;37.666666666666664 16.0 21.333333333333332
C:\Users\33783\OneDrive\Documents\Cours\Image\ProjetIMG\data\motos\282.jpg;741.6666666666666 302.0 296.3333333333333;791.3333333333334 347.0 317.6666666666667;455.0 322.0 360.6666666666667
C:\Users\33783\OneDrive\Documents\Cours\Image\ProjetIMG\data\motos\283.jpg;426.0 162.33333333333334 189.66666666666666;1895.3333333333333 865.3333333333334 678.0;167.0 126.66666666666667 148.0
